LG1	0	1000000	1025
LG1	1000000	2000000	1106
LG1	2000000	3000000	682
LG1	3000000	4000000	1017
LG1	4000000	5000000	1194
LG1	5000000	6000000	1497
LG1	6000000	7000000	2084
LG1	7000000	8000000	593
LG1	8000000	9000000	493
LG1	9000000	10000000	508
LG1	10000000	11000000	113
LG1	11000000	12000000	432
LG1	12000000	13000000	39
LG1	13000000	14000000	48
LG1	14000000	15000000	40
LG1	15000000	16000000	123
LG1	16000000	17000000	377
LG1	17000000	18000000	796
LG1	18000000	19000000	5
LG1	19000000	20000000	124
LG1	20000000	21000000	1
LG1	21000000	22000000	38
LG1	22000000	23000000	55
LG1	23000000	24000000	2713
LG1	24000000	25000000	4263
LG1	25000000	26000000	3296
LG1	26000000	27000000	1402
LG1	27000000	28000000	895
LG1	28000000	29000000	692
LG1	29000000	30000000	424
LG1	30000000	31000000	782
LG1	31000000	32000000	519
LG1	32000000	33000000	694
LG1	33000000	34000000	438
LG1	34000000	35000000	446
LG1	35000000	36000000	335
LG1	36000000	37000000	274
LG1	37000000	38000000	173
LG1	38000000	39000000	194
LG1	39000000	40000000	272
LG1	40000000	41000000	198
LG1	41000000	42000000	286
LG1	42000000	43000000	290
LG1	43000000	44000000	301
LG1	44000000	45000000	299
LG1	45000000	46000000	341
LG1	46000000	47000000	167
LG1	47000000	48000000	172
LG1	48000000	49000000	137
LG1	49000000	50000000	156
LG1	50000000	51000000	182
LG1	51000000	52000000	290
LG1	52000000	53000000	494
LG1	53000000	54000000	112
LG1	54000000	55000000	281
LG1	55000000	56000000	149
LG1	56000000	57000000	206
LG1	57000000	57885498	161
LG2	0	1000000	407
LG2	1000000	2000000	220
LG2	2000000	3000000	201
LG2	3000000	4000000	201
LG2	4000000	5000000	209
LG2	5000000	6000000	460
LG2	6000000	7000000	612
LG2	7000000	8000000	164
LG2	8000000	9000000	628
LG2	9000000	10000000	735
LG2	10000000	11000000	394
LG2	11000000	12000000	294
LG2	12000000	13000000	419
LG2	13000000	14000000	406
LG2	14000000	15000000	272
LG2	15000000	16000000	494
LG2	16000000	17000000	323
LG2	17000000	18000000	483
LG2	18000000	19000000	364
LG2	19000000	20000000	1607
LG2	20000000	21000000	3429
LG2	21000000	22000000	1026
LG2	22000000	23000000	801
LG2	23000000	24000000	229
LG2	24000000	25000000	158
LG2	25000000	26000000	302
LG2	26000000	27000000	152
LG2	27000000	28000000	62
LG2	28000000	29000000	139
LG2	29000000	30000000	31
LG2	30000000	31000000	1
LG2	31000000	32000000	31
LG2	32000000	33000000	3
LG2	33000000	34000000	24
LG2	34000000	35000000	17
LG2	35000000	36000000	92
LG2	36000000	37000000	2367
LG2	37000000	38000000	63
LG2	38000000	39000000	2479
LG2	39000000	40000000	673
LG2	40000000	41000000	402
LG2	41000000	42000000	175
LG2	42000000	43000000	72
LG2	43000000	44000000	23
LG2	44000000	45000000	505
LG2	45000000	46000000	618
LG2	46000000	47000000	1087
LG2	47000000	48000000	1485
LG2	48000000	49000000	2927
LG2	49000000	50000000	1839
LG2	50000000	51000000	2502
LG2	51000000	52000000	2450
LG2	52000000	53000000	2768
LG2	53000000	54000000	1685
LG2	54000000	55000000	1791
LG2	55000000	56000000	890
LG2	56000000	57000000	1780
LG2	57000000	58000000	1549
LG2	58000000	59000000	1383
LG2	59000000	59380701	339
LG3	0	1000000	68
LG3	1000000	2000000	103
LG3	2000000	3000000	245
LG3	3000000	4000000	570
LG3	4000000	5000000	548
LG3	5000000	6000000	633
LG3	6000000	7000000	950
LG3	7000000	8000000	562
LG3	8000000	9000000	892
LG3	9000000	10000000	640
LG3	10000000	11000000	870
LG3	11000000	12000000	1622
LG3	12000000	13000000	1887
LG3	13000000	14000000	1996
LG3	14000000	15000000	149
LG3	15000000	16000000	195
LG3	16000000	17000000	7
LG3	17000000	18000000	4
LG3	18000000	19000000	89
LG3	19000000	20000000	28
LG3	20000000	21000000	361
LG3	21000000	22000000	66
LG3	22000000	23000000	30
LG3	23000000	24000000	274
LG3	24000000	25000000	88
LG3	25000000	26000000	128
LG3	26000000	27000000	455
LG3	27000000	28000000	942
LG3	28000000	29000000	476
LG3	29000000	30000000	11
LG3	30000000	31000000	0
LG3	31000000	32000000	3
LG3	32000000	33000000	42
LG3	33000000	34000000	42
LG3	34000000	35000000	105
LG3	35000000	36000000	57
LG3	36000000	37000000	16455
LG3	37000000	38000000	2347
LG3	38000000	39000000	2092
LG3	39000000	40000000	3136
LG3	40000000	41000000	4693
LG3	41000000	42000000	4269
LG3	42000000	43000000	3011
LG3	43000000	44000000	2690
LG3	44000000	45000000	3178
LG3	45000000	46000000	3086
LG3	46000000	47000000	2891
LG3	47000000	48000000	3331
LG3	48000000	49000000	18566
LG3	49000000	50000000	19336
LG3	50000000	51000000	10946
LG3	51000000	52000000	9883
LG3	52000000	53000000	7013
LG3	53000000	54000000	7688
LG3	54000000	55000000	6111
LG3	55000000	56000000	17670
LG3	56000000	57000000	25188
LG3	57000000	58000000	5277
LG3	58000000	59000000	27443
LG3	59000000	60000000	19467
LG3	60000000	61000000	5922
LG3	61000000	62000000	13511
LG3	62000000	63000000	7508
LG3	63000000	64000000	989
LG3	64000000	65000000	2550
LG3	65000000	66000000	3735
LG3	66000000	67000000	1119
LG3	67000000	68000000	5896
LG3	68000000	69000000	93964
LG3	69000000	70000000	3870
LG3	70000000	71000000	11201
LG3	71000000	72000000	17866
LG3	72000000	73000000	13624
LG3	73000000	74000000	17077
LG3	74000000	75000000	29880
LG3	75000000	76000000	16627
LG3	76000000	77000000	21706
LG3	77000000	78000000	22359
LG3	78000000	79000000	19299
LG3	79000000	80000000	19130
LG3	80000000	81000000	10171
LG3	81000000	82000000	15350
LG3	82000000	83000000	20578
LG3	83000000	84000000	16379
LG3	84000000	85000000	16692
LG3	85000000	86000000	20390
LG3	86000000	87000000	17821
LG3	87000000	88000000	15584
LG3	88000000	89000000	347
LG3	89000000	89679433	8856
LG4	0	1000000	396
LG4	1000000	2000000	259
LG4	2000000	3000000	235
LG4	3000000	4000000	338
LG4	4000000	5000000	374
LG4	5000000	6000000	227
LG4	6000000	7000000	383
LG4	7000000	8000000	360
LG4	8000000	9000000	338
LG4	9000000	10000000	217
LG4	10000000	11000000	665
LG4	11000000	12000000	568
LG4	12000000	13000000	348
LG4	13000000	14000000	469
LG4	14000000	15000000	525
LG4	15000000	16000000	676
LG4	16000000	17000000	1405
LG4	17000000	18000000	2082
LG4	18000000	19000000	0
LG4	19000000	20000000	0
LG4	20000000	21000000	319
LG4	21000000	22000000	67
LG4	22000000	23000000	282
LG4	23000000	24000000	37
LG4	24000000	25000000	62
LG4	25000000	26000000	27
LG4	26000000	27000000	79
LG4	27000000	28000000	8
LG4	28000000	29000000	85
LG4	29000000	30000000	39
LG4	30000000	31000000	45
LG4	31000000	32000000	90
LG4	32000000	33000000	7
LG4	33000000	34000000	86
LG4	34000000	35000000	107
LG4	35000000	36000000	141
LG4	36000000	37000000	17
LG4	37000000	38000000	4
LG4	38000000	39000000	130
LG4	39000000	40000000	638
LG4	40000000	41000000	1849
LG4	41000000	42000000	832
LG4	42000000	43000000	113
LG4	43000000	44000000	9
LG4	44000000	45000000	0
LG4	45000000	46000000	51
LG4	46000000	47000000	40
LG4	47000000	48000000	138
LG4	48000000	49000000	1724
LG4	49000000	50000000	1869
LG4	50000000	51000000	2557
LG4	51000000	52000000	2840
LG4	52000000	53000000	2466
LG4	53000000	54000000	4249
LG4	54000000	55000000	2756
LG4	55000000	56000000	3230
LG4	56000000	57000000	2402
LG4	57000000	58000000	1647
LG4	58000000	59000000	2891
LG4	59000000	60000000	2520
LG4	60000000	61000000	1929
LG4	61000000	62000000	2638
LG4	62000000	62935515	1284
LG5	0	1000000	5
LG5	1000000	2000000	24
LG5	2000000	3000000	0
LG5	3000000	4000000	716
LG5	4000000	5000000	459
LG5	5000000	6000000	1013
LG5	6000000	7000000	1505
LG5	7000000	8000000	750
LG5	8000000	9000000	930
LG5	9000000	10000000	810
LG5	10000000	11000000	1114
LG5	11000000	12000000	1597
LG5	12000000	13000000	1271
LG5	13000000	14000000	767
LG5	14000000	15000000	1560
LG5	15000000	16000000	1172
LG5	16000000	17000000	2545
LG5	17000000	18000000	2581
LG5	18000000	19000000	2466
LG5	19000000	20000000	2822
LG5	20000000	21000000	3312
LG5	21000000	22000000	3901
LG5	22000000	23000000	3504
LG5	23000000	24000000	3554
LG5	24000000	25000000	188
LG5	25000000	26000000	495
LG5	26000000	27000000	58
LG5	27000000	28000000	113
LG5	28000000	29000000	122
LG5	29000000	30000000	1678
LG5	30000000	31000000	2513
LG5	31000000	32000000	2312
LG5	32000000	33000000	1737
LG5	33000000	34000000	933
LG5	34000000	35000000	926
LG5	35000000	36000000	497
LG5	36000000	37000000	384
LG5	37000000	38000000	288
LG5	38000000	39000000	683
LG5	39000000	40000000	2328
LG5	40000000	41000000	4507
LG5	41000000	42000000	2535
LG5	42000000	43000000	96
LG5	43000000	44000000	112
LG5	44000000	45000000	40
LG5	45000000	46000000	45
LG5	46000000	47000000	10
LG5	47000000	48000000	28
LG5	48000000	49000000	6
LG5	49000000	50000000	294
LG5	50000000	51000000	149
LG5	51000000	52000000	121
LG5	52000000	53000000	164
LG5	53000000	54000000	44
LG5	54000000	55000000	151
LG5	55000000	56000000	45
LG5	56000000	57000000	78
LG5	57000000	58000000	59
LG5	58000000	59000000	369
LG5	59000000	60000000	230
LG5	60000000	61000000	222
LG5	61000000	62000000	177
LG5	62000000	63000000	105
LG5	63000000	64000000	202
LG5	64000000	65000000	69
LG5	65000000	66000000	137
LG5	66000000	67000000	33
LG5	67000000	68000000	16
LG5	68000000	69000000	495
LG5	69000000	70000000	274
LG5	70000000	71000000	61
LG5	71000000	72000000	31
LG5	72000000	73000000	111
LG5	73000000	74000000	6
LG5	74000000	75000000	335
LG5	75000000	76000000	71
LG5	76000000	77000000	101
LG5	77000000	78000000	354
LG5	78000000	79000000	483
LG5	79000000	80000000	472
LG5	80000000	81000000	237
LG5	81000000	82000000	352
LG5	82000000	83000000	664
LG5	83000000	84000000	181
LG5	84000000	85000000	383
LG5	85000000	85902554	119
LG6	0	1000000	1252
LG6	1000000	2000000	2030
LG6	2000000	3000000	1907
LG6	3000000	4000000	1909
LG6	4000000	5000000	1791
LG6	5000000	6000000	1021
LG6	6000000	7000000	1478
LG6	7000000	8000000	967
LG6	8000000	9000000	2027
LG6	9000000	10000000	2990
LG6	10000000	11000000	1789
LG6	11000000	12000000	1819
LG6	12000000	13000000	3233
LG6	13000000	14000000	1694
LG6	14000000	15000000	2892
LG6	15000000	16000000	6020
LG6	16000000	17000000	8623
LG6	17000000	18000000	1554
LG6	18000000	19000000	947
LG6	19000000	20000000	1300
LG6	20000000	21000000	994
LG6	21000000	22000000	7
LG6	22000000	23000000	10
LG6	23000000	24000000	35
LG6	24000000	25000000	8
LG6	25000000	26000000	98
LG6	26000000	27000000	46
LG6	27000000	28000000	572
LG6	28000000	29000000	14
LG6	29000000	30000000	173
LG6	30000000	31000000	13
LG6	31000000	32000000	86
LG6	32000000	33000000	392
LG6	33000000	34000000	217
LG6	34000000	35000000	241
LG6	35000000	36000000	193
LG6	36000000	37000000	209
LG6	37000000	38000000	198
LG6	38000000	39000000	240
LG6	39000000	40000000	298
LG6	40000000	41000000	196
LG6	41000000	42000000	385
LG6	42000000	43000000	231
LG6	43000000	44000000	312
LG6	44000000	45000000	96
LG6	45000000	46000000	132
LG6	46000000	47000000	94
LG6	47000000	48000000	92
LG6	48000000	49000000	91
LG6	49000000	50000000	122
LG6	50000000	51000000	89
LG6	51000000	52000000	130
LG6	52000000	53000000	89
LG6	53000000	54000000	104
LG6	54000000	55000000	133
LG6	55000000	56000000	105
LG6	56000000	57000000	138
LG6	57000000	58000000	101
LG6	58000000	59000000	93
LG6	59000000	60000000	355
LG6	60000000	61000000	562
LG6	61000000	62000000	316
LG6	62000000	63000000	188
LG6	63000000	64000000	264
LG6	64000000	65000000	77
LG6	65000000	66000000	55
LG6	66000000	66095493	22
LG7	0	1000000	1059
LG7	1000000	2000000	74
LG7	2000000	3000000	3
LG7	3000000	4000000	3
LG7	4000000	5000000	734
LG7	5000000	6000000	1239
LG7	6000000	7000000	1669
LG7	7000000	8000000	1749
LG7	8000000	9000000	2317
LG7	9000000	10000000	12527
LG7	10000000	11000000	2813
LG7	11000000	12000000	1283
LG7	12000000	13000000	2800
LG7	13000000	14000000	2778
LG7	14000000	15000000	2165
LG7	15000000	16000000	3586
LG7	16000000	17000000	2972
LG7	17000000	18000000	4302
LG7	18000000	19000000	3612
LG7	19000000	20000000	3712
LG7	20000000	21000000	3958
LG7	21000000	22000000	2702
LG7	22000000	23000000	2585
LG7	23000000	24000000	2223
LG7	24000000	25000000	1277
LG7	25000000	26000000	1431
LG7	26000000	27000000	155
LG7	27000000	28000000	207
LG7	28000000	29000000	325
LG7	29000000	30000000	204
LG7	30000000	31000000	275
LG7	31000000	32000000	337
LG7	32000000	33000000	247
LG7	33000000	34000000	334
LG7	34000000	35000000	375
LG7	35000000	36000000	200
LG7	36000000	37000000	333
LG7	37000000	38000000	147
LG7	38000000	39000000	532
LG7	39000000	40000000	325
LG7	40000000	41000000	228
LG7	41000000	42000000	24
LG7	42000000	43000000	98
LG7	43000000	44000000	62
LG7	44000000	45000000	226
LG7	45000000	46000000	124
LG7	46000000	47000000	92
LG7	47000000	48000000	165
LG7	48000000	49000000	256
LG7	49000000	50000000	182
LG7	50000000	51000000	289
LG7	51000000	52000000	19
LG7	52000000	53000000	1652
LG7	53000000	54000000	319
LG7	54000000	55000000	462
LG7	55000000	56000000	357
LG7	56000000	57000000	91
LG7	57000000	58000000	164
LG7	58000000	59000000	246
LG7	59000000	59489381	5
