sample	sms	morph	PC1	PC2	PC3	PC4	PC5	PC6	PC7	PC8	PC9	PC10	PC11	PC12	PC13	PC14	PC15	PC16	PC17	PC18	PC19	PC20
sample_SMS119_1_S	SMS119	S	0.0744776	-0.0128488	0.0916154	0.0862336	0.016477	-0.00898568	0.00307518	-0.00814511	-0.00671952	-0.0327765	0.0264689	0.0206431	0.00132763	-0.00876378	-0.0301876	0.0431624	0.0656831	0.0342241	-0.146652	0.0295871
sample_SMS119_10_L	SMS119	L	0.0791281	-0.0115948	0.0968531	0.0917527	0.0306056	-0.00782221	0.00419337	-0.00684468	-0.00421882	0.0382972	0.0205785	0.0157941	0.0406228	0.0935986	0.0290101	-0.0485884	-0.0131289	-0.0305753	0.0789427	0.0259539
sample_SMS119_11_L	SMS119	L	0.078912	-0.0146337	0.102765	0.109781	0.0322539	-0.0107968	0.00336164	-0.000942859	0.000406715	0.0385194	-0.0418208	-0.0398533	0.0735562	0.195231	0.0507719	-0.0454963	-0.046018	0.0162902	-0.0407964	0.0843155
sample_SMS119_12_L	SMS119	L	0.0791654	-0.0139364	0.104546	0.0939727	0.0192166	-0.00297271	0.00176099	-0.00719011	-0.0148423	-0.0210861	-0.0352173	-0.0114959	-0.0350931	-0.029718	0.0209149	-0.00677142	-0.00410507	-0.0678235	0.179953	-0.15736
sample_SMS119_13_S	SMS119	S	0.0803976	-0.0106968	0.0921868	0.0927463	0.0154605	0.0003185	0.000283877	0.00225166	-0.012526	-0.0402046	0.058812	0.0604858	-0.0115154	-0.0772094	-0.0458506	0.0712559	0.056464	-0.00275238	-0.0848756	-0.0220151
sample_SMS119_14_S	SMS119	S	0.0771048	-0.0137391	0.0954581	0.097232	0.0260245	-0.00104574	-0.00236409	-0.00265851	-0.01364	-0.0525189	0.0216782	0.0314792	-0.0383229	-0.136383	-0.0523149	0.0703903	0.0801722	-0.0555796	-0.00689783	-0.0550529
sample_SMS119_15_S	SMS119	S	0.0789259	-0.0126515	0.0929559	0.103373	0.0282124	-0.00806431	0.00289447	0.0131646	0.00792479	0.00853443	-0.00856453	0.0409241	0.105354	0.133315	-0.027846	0.0604905	-0.0504918	0.0796938	-0.128849	0.0862603
sample_SMS119_158_L	SMS119	L	0.0795997	-0.0107325	0.109241	0.113807	0.0375324	-0.0126885	0.00528385	-0.00253165	0.0101998	0.0264675	-0.0741463	-0.0379916	0.0666675	0.146607	0.0288062	-0.029419	-0.0509689	-0.00108676	0.0298503	0.000341784
sample_SMS119_159_L	SMS119	L	0.0754535	-0.0145219	0.0907495	0.0882554	0.0211927	-0.00564046	0.00271997	-0.00127907	-0.0174617	-0.0388799	0.0212156	0.0215084	-0.0439162	-0.128916	-0.026984	0.0559417	0.0410408	-0.0328779	0.0244931	-0.0262062
sample_SMS119_16_L	SMS119	L	0.0789391	-0.0145297	0.103836	0.0932379	0.0199212	-0.00399044	0.00153637	-0.00407189	-0.0161702	-0.0166352	0.0165415	0.00208689	-0.0463983	-0.0699082	0.0221678	-0.0210486	0.0291609	-0.0782918	0.102555	-0.0951077
sample_SMS119_160_L	SMS119	L	0.0790498	-0.0160476	0.105445	0.116189	0.021437	-0.0110079	0.00229675	-0.0023524	-0.00954249	0.0213394	-0.021347	-0.0278047	-0.0586863	-0.0819173	-0.000508128	-0.0304902	0.0215058	0.0157964	-0.050606	0.0162576
sample_SMS119_161_L	SMS119	L	0.0798337	-0.0149219	0.0990667	0.113852	0.0237434	-0.0135019	-0.000890994	-0.00991758	-0.0107768	0.0212811	-0.0688587	-0.0886769	-0.040378	-0.030606	0.0422593	-0.0734492	-0.0338612	-0.000533685	0.0663392	0.0188021
sample_SMS119_162_L	SMS119	L	0.0788213	-0.00962047	0.101774	0.104311	0.0268932	-0.0104913	0.000181643	-0.00550215	0.00161555	0.0545882	0.0163144	0.00104471	0.0187376	0.088684	0.0197569	-0.058865	0.0170216	0.0076992	-0.0742143	0.106466
sample_SMS119_163_L	SMS119	L	0.0784487	-0.0144651	0.116016	0.0951307	0.0133018	-0.00423382	0.00398739	0.00287397	-0.00908244	-0.0355246	0.0338997	0.0275127	-0.0280166	-0.0401803	0.0129185	0.00179071	0.0761414	-0.0835467	-0.0139508	-0.0840706
sample_SMS119_164_S	SMS119	S	0.0786799	-0.0131987	0.0939734	0.104398	0.0346539	-0.0100609	0.00381681	0.00799796	0.00806586	0.00443093	-0.0302585	0.0164055	0.101766	0.116451	-0.0336591	0.0572171	-0.0791484	0.103959	-0.115934	0.0861593
sample_SMS119_165_L	SMS119	L	0.0791758	-0.0115257	0.102967	0.0844249	0.00345269	-0.00274315	0.000977127	-0.00568089	-0.0139774	-0.00708237	0.0650863	0.0407775	-0.0485598	-0.0829495	0.00472051	-0.0119978	0.0592468	-0.0309719	0.0469717	-0.0838752
sample_SMS119_17_S	SMS119	S	0.0786203	-0.00851355	0.087005	0.104494	0.023222	-0.00709639	-0.00485689	0.000930528	0.00316409	0.0168548	-0.0362025	0.00790315	0.0669388	0.0570392	-0.0439506	0.0455224	-0.0992678	0.0926899	-0.0282326	0.122376
sample_SMS119_18_L	SMS119	L	0.0802547	-0.0104819	0.0883389	0.108877	0.0253529	-0.01005	-0.00428218	-0.00711163	-0.00175972	0.056969	-0.0450813	-0.0412153	0.00868873	0.0376742	0.0167144	-0.0554529	-0.0918355	0.0528793	0.0897927	0.0767534
sample_SMS119_19_L	SMS119	L	0.0784914	-0.00934087	0.0887011	0.0924873	0.0265668	-0.00161574	0.000416449	-0.00507612	-0.000408531	0.0110925	0.0587126	0.0342894	0.00407521	-0.00241687	-0.0180438	-0.000557664	0.0174398	-0.0339744	-0.0345321	0.0579981
sample_SMS119_2_L	SMS119	L	0.0775109	-0.012829	0.105197	0.0826252	0.0189426	0.00379153	0.00139681	-0.00608401	-0.0183017	-0.038105	0.0187571	0.0107181	-0.0223335	-0.0343163	0.0330863	0.00919141	0.0552646	-0.0814418	0.050648	-0.10501
sample_SMS119_20_L	SMS119	L	0.0795118	-0.00972796	0.0939236	0.090391	0.0305012	-0.00496701	-0.00150078	-0.00531681	-0.00479	0.044928	0.0451402	0.0192747	0.0247724	0.0750835	0.00972348	-0.0304088	-0.0116772	-0.028715	0.023709	0.0639547
sample_SMS119_3_S	SMS119	S	0.0764745	-0.00943792	0.0953512	0.091673	0.0146566	0.000104657	-0.00259817	0.00318799	-0.0147482	-0.0348585	0.0273988	0.019655	-0.0330614	-0.102918	-0.0234587	0.0581022	0.0431065	-0.0199989	-0.00756176	-0.0405169
sample_SMS119_4_S	SMS119	S	0.0787998	-0.0115455	0.0931318	0.0965608	0.0135054	-0.00407865	-0.00222059	0.00370563	-0.0145991	-0.0209267	0.0288839	0.0338246	-0.0127891	-0.100798	-0.0615766	0.0801958	0.0120183	0.0109254	-0.0301852	-0.0284897
sample_SMS119_5_L	SMS119	L	0.0795875	-0.0121451	0.0952481	0.105141	0.0235019	-0.0068561	-0.00414673	-0.0100965	-0.0226194	0.017224	-0.0496226	-0.069818	-0.0755521	-0.0368201	0.0117719	-0.0394831	0.0355438	-0.0109903	0.00778211	-0.0156911
sample_SMS119_6_L	SMS119	L	0.0786982	-0.0131278	0.0906507	0.0894462	0.00778454	-0.00159636	-0.00503713	-0.00613101	-0.0201793	0.00163988	0.012302	0.000494691	-0.0434196	-0.104531	-0.00314077	-0.00553293	-0.0235673	-0.00360076	0.162707	-0.0841712
sample_SMS119_7_S	SMS119	S	0.0806371	-0.00923005	0.0856523	0.0915574	0.0269573	-0.00128768	-0.0013353	-0.00376095	0.000849128	0.0355831	0.0114029	0.0142456	0.0489161	0.0930086	-0.0100767	0.0117509	-0.0317452	0.0705059	-0.0890668	0.148903
sample_SMS119_8_L	SMS119	L	0.0809991	-0.010094	0.0970344	0.0948056	0.0190548	-0.00764502	0.000264073	-0.00580947	-0.0173866	0.0158852	-0.0275101	-0.0404289	-0.0295198	0.0340975	0.0370855	-0.0521693	-0.00254838	0.0304041	-0.0388394	0.00801293
sample_SMS119_9_L	SMS119	L	0.0802623	-0.0149968	0.0927199	0.10142	0.0262405	-0.00655844	-0.00369135	-0.00862337	-0.0102728	-0.00972255	-0.0299534	-0.0459899	-0.0596096	-0.0920343	-0.0020849	-0.0193538	0.0290094	-0.00578704	-0.0539438	0.0238071
sample_SMS120_21_L	SMS120	L	0.0780452	0.00425295	-0.230305	0.125351	-0.0706313	0.0474988	-0.0173413	-0.0205894	-0.0757319	0.0295067	-0.029153	-0.0642346	-0.0592386	0.00275328	0.0468973	-0.143441	0.0575779	0.0600247	0.0274468	-0.0335728
sample_SMS120_22_L	SMS120	L	0.0774886	0.00716667	-0.20194	0.110239	-0.063801	0.0313291	-0.00843215	-0.0143759	0.00597261	0.0642547	0.0633771	0.0360478	-0.0336818	0.0708735	0.0733689	-0.264564	-0.0517723	0.430543	-0.0115375	-0.170922
sample_SMS120_23_S	SMS120	S	0.0768484	0.00766047	-0.219833	0.11974	-0.059585	0.0457126	-0.0156252	-0.0161994	-0.0824412	-0.0272888	0.0112043	0.0191349	0.0253933	-0.00533812	-0.0437908	0.0637096	-0.0272728	0.0252946	-0.0721218	-0.0950547
sample_SMS120_24_L	SMS120	L	0.0769394	0.00871916	-0.218069	0.105199	-0.0596425	0.0398586	-0.0122249	-0.0202569	-0.0541295	0.00748285	0.0539242	0.0435739	0.0167047	0.094791	0.00396036	-0.11614	-0.0949165	0.242755	-0.14744	-0.243326
sample_SMS120_25_S	SMS120	S	0.0756379	0.00441283	-0.256116	0.131013	-0.0776668	0.0547948	-0.0132736	-0.0305631	-0.0869995	-0.0223487	-0.0050068	-0.00392673	0.0155768	-0.0138892	-0.0132916	0.123559	0.0396633	-0.199754	0.0322984	0.0808284
sample_SMS120_26_S	SMS120	S	0.077804	0.00728398	-0.218418	0.103251	-0.0499096	0.0403398	-0.0128808	-0.000244128	-0.0299412	0.0304001	0.0632572	0.0679768	-0.00366052	0.00938296	-0.0317035	0.0394736	-0.0630909	0.0374253	0.013345	-0.0247789
sample_SMS120_27_S	SMS120	S	0.0780602	0.00579018	-0.223851	0.117053	-0.0604404	0.0447609	-0.0187379	-0.0147723	-0.0925799	-7.05E-05	-0.0692852	-0.0726416	-0.0190891	-0.0920597	0.00364949	0.112143	0.0893455	-0.286062	0.117836	0.235393
sample_SMS120_28_S	SMS120	S	0.0761074	0.00574444	-0.240059	0.119116	-0.066827	0.0458628	-0.0112176	-0.0142821	-0.0666304	-0.0329778	0.0036387	0.0184196	0.022337	-0.018431	-0.0199962	0.109571	-0.00602545	-0.140858	-0.0326587	0.0644938
sample_SMS120_29_S	SMS120	S	0.0774698	0.00738188	-0.217879	0.119592	-0.0652691	0.0426769	-0.0159238	-0.0138256	-0.0784293	-0.0376943	0.0087511	0.0249823	0.0240605	-0.00554527	-0.0524297	0.0865767	-0.0221585	-0.00784116	-0.0762278	-0.0736319
sample_SMS120_30_S	SMS120	S	0.0770209	0.00543861	-0.217764	0.115005	-0.0609178	0.0416889	-0.0198318	-0.0148251	-0.0677479	-0.0390973	-0.083489	-0.0676866	0.0066382	-0.0392301	0.011721	0.0571025	0.0572734	-0.176128	0.053817	0.171525
sample_SMS121_31_L	SMS121	L	0.0784756	0.00546687	-0.065763	-0.095859	0.200419	-0.0405209	-0.0260652	-0.0159662	-0.031074	-0.0610617	0.00390712	-0.0594933	-0.0441702	0.0608714	0.0772923	-0.119898	0.051062	-0.00872651	-0.0175182	0.0880775
sample_SMS121_32_S	SMS121	S	0.0776251	0.00966006	-0.0520604	-0.0999858	0.16733	-0.0319333	-0.0169731	-0.00248246	-0.0356677	0.0385656	0.0340359	0.0442762	0.0469896	-0.0327591	-0.0355701	0.0798916	-0.0475075	0.0156461	0.0501648	0.0428779
sample_SMS121_33_S	SMS121	S	0.0771561	0.0060731	-0.0478215	-0.10851	0.153967	-0.0215988	-0.0142061	-0.00272632	-0.0303998	0.0237138	-0.00923881	0.0376702	-0.00924039	-0.0890169	-0.0378788	0.0947695	-0.0514503	0.0230862	0.133913	-0.00943392
sample_SMS121_34_L	SMS121	L	0.077297	0.0109371	-0.0505802	-0.116617	0.182272	-0.0339036	-0.0208952	-0.0136156	-0.0190626	-0.0168311	-0.00102175	-0.0436054	-0.0264473	0.0775333	0.0346614	-0.0818601	0.0467307	0.00340612	-0.0912656	-0.0157068
sample_SMS121_35_S	SMS121	S	0.0762413	0.011964	-0.0542586	-0.118278	0.177145	-0.035519	-0.0177705	-0.0107121	-0.0250025	-0.0510375	-0.0354914	-0.0461266	0.0242966	0.0355542	0.00401516	0.0158404	-0.000493343	-0.00797702	-0.106569	0.0337592
sample_SMS121_37_S	SMS121	S	0.0742355	0.0153009	-0.0482438	-0.119638	0.161645	-0.0264166	-0.0104907	-0.00396101	-0.0183105	0.0341847	-0.0352948	0.00231665	-0.00784625	-0.0763642	-0.0591305	0.0947663	-0.0290018	-0.00490616	-0.00573543	-0.0567738
sample_SMS121_38_S	SMS121	S	0.0778446	0.0131803	-0.0583041	-0.0999009	0.191633	-0.0376862	-0.0138265	-0.0130411	-0.0254268	0.0351166	-0.0123312	-0.0228856	0.0537157	0.0682196	-0.0067347	0.0169265	0.0353597	-0.00569975	-0.103519	0.00504443
sample_SMS121_39_S	SMS121	S	0.0783826	0.0117384	-0.0591345	-0.104612	0.19819	-0.0403673	-0.0163282	-0.00912766	-0.033669	0.057724	-0.000947148	0.0147169	0.0598383	0.0445134	-0.00999879	0.0551364	-0.0221318	0.0200969	-0.0312744	0.0137856
sample_SMS121_40_L	SMS121	L	0.0765875	0.00901377	-0.0439471	-0.112688	0.174987	-0.0392294	-0.0121171	-0.0135582	-0.0184905	0.0186485	-0.0026602	0.0114437	-0.0489539	-0.111843	-0.0243006	0.0249928	0.00438465	-0.00131339	0.042912	-0.0723766
sample_SMS121_42_S	SMS121	S	0.0744429	0.00770473	-0.0512048	-0.114115	0.166189	-0.0293921	-0.0118624	-0.00644225	-0.0217866	0.0130262	-0.0184526	0.0526272	0.00230918	-0.0940743	-0.0632477	0.130387	-0.0398747	0.0269225	0.0683184	-0.082822
sample_SMS121_43_L	SMS121	L	0.0775751	0.0109256	-0.0555386	-0.0868256	0.167833	-0.0301432	-0.0139752	-0.00804143	-0.0184401	0.00482349	0.0243666	-0.00176016	-0.0781754	-0.0120742	0.0392606	-0.079156	0.064961	-0.0338127	0.0761352	-0.011051
sample_SMS121_44_L	SMS121	L	0.0790589	0.00948629	-0.0400878	-0.0986449	0.171226	-0.0408662	-0.0119089	-0.013035	-0.0283905	0.0628146	0.0248464	-0.0120681	0.0150687	0.0660666	0.0261366	-0.0926375	0.0397067	-0.0499466	-0.0973222	-0.00388391
sample_SMS121_45_L	SMS121	L	0.07607	0.00838238	-0.0519476	-0.117248	0.162658	-0.0239366	-0.0170159	-0.0142958	-0.0290873	0.0133129	0.00381174	0.0051475	-0.0838065	-0.0777975	0.00555341	-0.0346342	0.00819318	-0.00235995	0.0677825	0.00101881
sample_SMS122_46_S	SMS122	S	0.0697264	0.00834063	-0.0720072	0.000752506	-0.022838	-0.000936513	0.0483963	0.0821333	0.395853	-0.0260593	-0.0412819	0.00215264	0.000367076	-0.0169362	-0.0235581	0.0514377	-0.00144883	-0.0100717	0.038543	-0.0678971
sample_SMS122_47_S	SMS122	S	0.0712677	0.00375696	-0.0783126	-0.00339825	-0.0126397	-0.00357604	0.0625242	0.0804195	0.476226	0.00171388	0.0246434	-0.00158407	-0.00483986	-0.0142813	0.000979005	-0.00442914	0.0410311	-0.0488718	-0.00473088	0.0535098
sample_SMS122_48_L	SMS122	L	0.0698936	0.00961514	-0.0702951	-0.00202927	-0.0130543	-0.00273329	0.0557469	0.0769866	0.453328	0.00957495	0.0411809	0.00842817	-0.0278793	-0.0162211	-0.00179734	-0.0333241	0.0102773	-0.0405955	-0.0275412	0.0345513
sample_SMS123_49_S	SMS123	S	0.0787345	0.00707589	0.0236669	-0.101714	-0.117089	0.0149442	-0.0067834	0.0105359	-0.0133246	-0.0453326	-0.15891	-0.159266	-0.0759249	-0.136124	0.0212573	0.00613673	0.00112566	0.0260368	-0.0323098	-0.00589817
sample_SMS123_50_S	SMS123	S	0.0760199	0.00699097	0.0387346	-0.109071	-0.120467	0.0214124	0.00034449	0.0143803	-0.0172433	0.0201539	0.0650167	0.119243	0.109623	0.0598697	-0.0317233	0.0820381	-0.140393	0.0724537	0.158128	0.0703
sample_SMS123_52_L	SMS123	L	0.0771841	0.00665833	0.0440745	-0.117542	-0.123194	0.0121741	0.000373785	-0.00717323	-0.0232282	-0.0637635	-0.0681055	-0.0894304	-0.101769	-0.158409	0.0184887	-0.0361649	-0.0180356	0.0264683	0.0104896	-0.0371207
sample_SMS123_53_L	SMS123	L	0.0764981	0.0100481	0.0297053	-0.117053	-0.109497	0.0105739	-0.00326483	-0.00130321	-0.0173682	0.0455453	0.0232973	-0.000243088	-0.00682372	0.050927	0.0190567	-0.0514641	0.0136611	0.00721946	-0.0507878	0.0341563
sample_SMS123_54_S	SMS123	S	0.0770416	0.00525618	0.0345417	-0.117689	-0.115629	0.0238863	-0.00116902	0.00448244	-0.00915696	0.040604	-0.0546822	0.0121173	0.0315297	-0.0708327	0.00438749	0.0855239	-0.211552	0.217047	0.084054	0.145485
sample_SMS123_55_L	SMS123	L	0.0760041	0.0023499	0.0555404	-0.0804355	-0.109004	0.025411	-0.00110954	-0.00235498	-0.0296697	-0.0262311	0.288809	0.247374	-0.0470678	-0.165599	-0.0529304	-0.00350459	-0.0378514	0.0270457	0.076005	-0.0540532
sample_SMS123_56_L	SMS123	L	0.0756197	0.0137564	0.0312489	-0.129144	-0.132447	0.0127008	-0.000366188	0.00038322	-0.00624802	-0.0434195	-0.0913171	-0.137186	-0.107601	-0.0783924	0.0526469	-0.0942528	0.0180849	0.0573612	-0.098652	0.00901853
sample_SMS123_57_L	SMS123	L	0.0763885	0.00476745	0.0485898	-0.102717	-0.113291	0.0146271	-0.00155553	-0.0119798	-0.0373184	-0.0122579	0.0478789	0.00962101	-0.0325379	0.0205297	0.00954022	-0.0801147	0.0794306	-0.095017	0.0133697	-0.0524529
sample_SMS123_58_S	SMS123	S	0.0763948	0.0103546	0.02915	-0.120244	-0.102905	0.0194042	0.00164482	0.0082043	-0.0211517	0.0765689	0.0669769	0.116937	0.0762064	0.00372427	-0.0352064	0.0707478	-0.0822533	0.0662044	0.0241552	0.0140525
sample_SMS123_59_S	SMS123	S	0.0748413	0.00827629	0.0272872	-0.125245	-0.148944	0.0240266	-0.000631832	0.0014445	-0.0189714	-0.0645395	-0.19081	-0.188551	-0.0549511	-0.0983645	0.0169313	0.0154673	-0.0590553	0.0787977	-0.0234878	0.0401691
sample_SMS123_60_S	SMS123	S	0.0775494	0.00588566	0.0310377	-0.116194	-0.122273	0.0195595	-0.00179896	0.00590327	-0.0119878	-0.0468147	-0.195452	-0.170775	-0.0736117	-0.202465	0.0157231	0.0659329	-0.109435	0.136314	-0.0174885	0.0219805
sample_SMS123_62_L	SMS123	L	0.0754723	0.0113778	0.0408382	-0.119299	-0.113083	0.0118697	0.00285437	-0.00984733	-0.016742	-0.0126933	0.0549928	-0.0197419	-0.0798104	-0.00570944	0.0105923	-0.113079	0.181928	-0.114431	-0.134727	-0.114071
sample_SMS123_63_S	SMS123	S	0.0777696	0.0119466	0.0236463	-0.109748	-0.145422	0.0212579	-0.000597628	0.00437001	-0.0307345	-0.071151	-0.0809294	-0.0869515	0.00719708	0.0855831	-0.00340057	-0.00174765	0.110729	-0.116709	-0.0729993	-0.0479903
sample_SMS123_64_S	SMS123	S	0.0762324	0.00690674	0.0237575	-0.133842	-0.11944	0.0250163	-0.00281374	0.00991778	-0.0251041	0.0239922	-0.023387	0.0548489	0.132811	0.110746	-0.0205131	0.0983124	-0.113574	0.0440507	0.145558	0.0851423
sample_SMS123_65_L	SMS123	L	0.0758736	0.0138983	0.0351327	-0.11479	-0.139441	0.0160297	0.00350688	0.000278174	-0.0293495	-0.0472972	0.10456	0.062228	0.00641162	0.130259	0.0155159	-0.095836	0.171636	-0.149733	-0.0711453	-0.112484
sample_SMS123_66_S	SMS123	S	0.0762241	0.0142574	0.0297731	-0.110445	-0.109712	0.0203685	-0.00581294	0.00637735	-0.041796	0.0513113	0.155468	0.178411	0.150211	0.211218	-0.0390137	0.0614563	0.0159826	-0.093726	0.0655343	0.00470028
sample_SMS123_67_L	SMS123	L	0.0784767	0.0084875	0.0493786	-0.102127	-0.110616	0.013197	-0.0009254	-0.00759355	-0.0217685	0.0155091	-0.0214726	-0.0693191	-0.0959326	-0.037796	0.0379479	-0.107169	0.110197	-0.0395223	-0.0852102	-0.0191386
sample_SMS123_68_S	SMS123	S	0.0747883	0.0145398	0.0232783	-0.1309	-0.133466	0.0263059	-0.000309245	0.0094397	-0.0329169	-0.042034	-0.0236193	0.032626	0.0952401	0.093288	-0.0360033	0.0911497	-0.046267	-0.0631409	0.151278	-0.00617993
sample_SMS123_69_L	SMS123	L	0.0749324	0.0139571	0.0373904	-0.114414	-0.127815	0.0101816	0.0018952	-0.00562868	-0.0224167	-0.00564996	0.0674398	0.0165789	0.0115184	0.161303	0.0184145	-0.0970973	0.177118	-0.140467	-0.1429	-0.0774261
sample_SMS123_70_L	SMS123	L	0.0752332	0.00893131	0.03324	-0.111397	-0.112614	0.0122296	-0.00353801	-0.00564893	-0.0230332	0.00368426	-0.0492023	-0.0648925	-0.0384975	-0.0248959	0.0326545	-0.0447462	-0.0867362	0.124745	-0.0298226	0.0627298
sample_SMS123_71_S	SMS123	S	0.0746405	0.0145504	0.0334745	-0.144172	-0.137208	0.0225749	0.00554081	0.0107732	-0.0279502	0.0264121	0.0634382	0.12007	0.147861	0.223696	-0.0259854	0.038881	0.0561297	-0.138819	0.00502268	-0.0411387
sample_SMS123_72_S	SMS123	S	0.0785874	0.00615008	0.0358381	-0.098844	-0.123971	0.0222288	-0.00336065	0.0086625	-0.0282485	-0.0426611	0.0112864	0.0202194	0.0165575	-0.0206175	-0.0246966	0.0529017	-0.0496395	0.050862	0.0660149	0.0210166
sample_SMS127_73_S	SMS127	S	-0.0681277	0.0933209	0.0112974	0.00354127	0.0183711	0.0754847	0.124508	-0.0618794	0.00294476	-0.00865807	0.0358087	-0.0699347	0.143008	-0.0383265	-0.103318	0.0198771	0.11028	0.075945	0.0628655	-0.121151
sample_SMS127_74_L	SMS127	L	-0.0685718	0.0936883	0.0137003	-0.00166618	0.0112603	0.078829	0.112541	-0.0747574	0.00924308	0.00877099	0.146048	-0.172593	0.124006	-0.0282982	0.028518	0.0124794	0.0328723	0.0275861	0.0183776	-0.0439378
sample_SMS127_75_L	SMS127	L	-0.0700463	0.099225	0.0129371	0.00190486	0.0258441	0.0858993	0.141247	-0.0827014	0.000775172	-9.53E-05	0.0298257	-0.000785928	-0.140965	0.0643751	0.116184	0.0986537	-0.0954097	-0.0484971	0.0329025	-0.0594311
sample_SMS127_76_L	SMS127	L	-0.0691286	0.0956613	0.00779519	-0.00398281	0.0186609	0.0847568	0.124016	-0.0809687	-0.00372796	-0.00497899	-0.0783988	0.0984234	0.00898896	-0.0225416	-0.0423946	-0.130439	0.034651	-0.012518	-0.0652324	0.111232
sample_SMS127_77_L	SMS127	L	-0.0702907	0.094014	0.0108452	-0.000133202	0.021957	0.0904663	0.136425	-0.0803372	-0.00514863	0.00377695	-0.018533	0.0318711	-0.142949	0.062563	0.0472039	0.0189847	-0.147647	-0.0844434	0.00910765	0.0164043
sample_SMS127_78_L	SMS127	L	-0.0707944	0.0900083	0.0122195	3.9453e-06	0.0173096	0.0849782	0.127249	-0.0713386	-0.00452549	0.00624034	0.0532697	-0.0765674	0.127155	-0.0504613	-0.0894492	-0.092534	0.0414236	0.00563444	-0.00174643	-0.00510823
sample_SMS127_79_L	SMS127	L	-0.0707106	0.0962616	0.0139611	0.00217678	0.0155636	0.0765463	0.116244	-0.0680932	0.000187002	-0.00275308	0.078304	-0.053373	-0.126676	0.0755819	0.157229	0.163788	-0.0254971	0.0367141	0.0232251	-0.0674365
sample_SMS127_80_L	SMS127	L	-0.0690715	0.0909133	0.0138246	0.000367084	0.0233686	0.0778619	0.114164	-0.0557413	-0.00347706	-0.000492554	0.0762094	-0.0491061	-0.167748	0.0991049	0.0969523	0.128045	-0.0704302	-0.00609335	0.0299364	-0.056389
sample_SMS127_81_S	SMS127	S	-0.0674469	0.104025	0.0101333	-0.00458797	0.021534	0.0973893	0.150682	-0.0791011	-0.00639001	-0.0167937	-0.16456	0.184775	0.0235251	-0.0594218	-0.021839	-0.0969417	0.0467181	-0.0412906	-0.0496784	0.128186
sample_SMS127_82_S	SMS127	S	-0.0655351	0.0951487	0.00909608	-0.00214798	0.0260891	0.0892988	0.148109	-0.0809016	-0.00980922	-0.0230269	-0.134909	0.120942	-0.0164542	-0.0316842	-0.0406614	0.0104965	0.0500982	0.0309025	0.0176373	-0.0189349
sample_SMS127_83_L	SMS127	L	-0.069313	0.0931002	0.00993097	0.00141307	0.0154308	0.0779741	0.129108	-0.0856804	0.00279588	0.0175518	0.133732	-0.150989	0.16025	-0.0493611	0.0553073	-0.0378569	-0.00218145	-0.0132989	-0.00877295	-0.00213187
sample_SMS127_84_L	SMS127	L	-0.0683303	0.0905317	0.00996328	-0.00214775	0.0172299	0.0863362	0.117372	-0.0589885	-0.00753762	0.0194155	0.00203958	-0.0225234	0.00921423	-0.00884815	-0.0773577	-0.0643092	-0.0215943	-0.0144808	-0.0233453	0.0594945
sample_SMS127_85_S	SMS127	S	-0.068042	0.0927277	0.00970426	-0.00880229	0.0232116	0.103576	0.14711	-0.068026	-0.0123725	-0.0254467	-0.131064	0.165689	0.0514741	-0.0791126	0.0937261	-0.0209483	0.0817593	0.0262509	-0.07869	0.119099
sample_SMS127_86_L	SMS127	L	-0.0689268	0.0895746	0.0123151	0.000374598	0.0208479	0.0871269	0.124273	-0.062	-0.00618069	0.000534088	0.086582	-0.0742488	-0.0865314	0.0606755	0.0893699	0.141281	-0.0272994	0.043097	0.0428326	-0.0772671
sample_SMS127_87_L	SMS127	L	-0.0661933	0.0940915	0.0105326	-0.0010803	0.0213558	0.0817726	0.141568	-0.0914484	0.000641129	0.00229015	-0.0238222	0.0456118	0.00412266	-0.00316952	-0.0632592	-0.0755945	-0.0137483	-0.0230526	0.00135676	0.0020001
sample_SMS127_88_S	SMS127	S	-0.0662073	0.0892115	0.0137082	0.00187226	0.0166565	0.0829688	0.121132	-0.0501677	-0.00445264	0.00409284	0.0499111	-0.0962509	0.00155184	0.0195267	-0.010595	0.119935	0.00560208	0.0644331	0.0386319	-0.0862308
sample_SMS127_89_L	SMS127	L	-0.0685839	0.0981497	0.0123713	0.00226511	0.0205608	0.0780567	0.115315	-0.0678701	-0.00509268	0.00946272	0.0557925	-0.0467731	-0.13448	0.0839103	-0.0365924	0.0248198	-0.0880073	-0.0167128	0.0275567	-0.0489443
sample_SMS127_90_S	SMS127	S	-0.0664085	0.0998335	0.00521168	0.00113128	0.0217384	0.091164	0.144753	-0.0692824	-0.00742866	0.000556187	-0.131455	0.0874419	0.16936	-0.100823	-0.121866	-0.15033	0.0687693	-0.00313956	-0.0391789	0.0995236
sample_SMS128_100_L	SMS128	L	-0.0709527	0.0870613	-0.00424739	0.0165591	-0.0271808	-0.122501	-0.057762	-0.0366468	0.00557648	0.00363685	-0.100943	0.0907663	-0.0780226	0.0588375	-0.10609	-0.0626805	-0.0235873	-0.000617523	0.0146342	0.0315625
sample_SMS128_101_S	SMS128	S	-0.0665357	0.0883766	-0.000932115	0.0113727	-0.0332117	-0.141797	-0.0673958	-0.0185879	0.0121022	-0.0169683	0.00182656	-0.0203017	0.085847	-0.05334	0.00644217	0.0891953	0.120202	0.0461908	0.00723568	-0.0647088
sample_SMS128_102_L	SMS128	L	-0.0686617	0.0773175	0.00168549	0.0114196	-0.0360832	-0.121181	-0.0633832	-0.0274439	0.0104635	0.00171387	0.0185894	0.0218617	-0.0462732	0.0408327	0.0503943	0.0298005	0.0477463	0.0402941	-0.0401826	0.076378
sample_SMS128_103_L	SMS128	L	-0.0629206	-0.207895	-0.00383577	-0.0200524	-0.00445906	0.0231537	-0.0417941	-0.159898	0.0327696	-0.00478558	0.000387453	-0.0187529	-0.00738331	0.00241984	-0.0421793	0.0037354	-0.0216854	-0.0093318	0.0169437	-0.0327687
sample_SMS128_104_S	SMS128	S	-0.0692161	0.0907403	-0.00644255	0.0178413	-0.0289954	-0.145722	-0.0688988	-0.0284938	0.012458	-0.0316862	-0.150173	0.142764	-0.0367118	0.0147602	-0.00770647	0.0524395	0.0747195	0.0523173	0.0438224	-0.0670986
sample_SMS128_105_L	SMS128	L	-0.0660732	-0.198495	-0.0057174	-0.0221232	-0.00319313	0.0247921	-0.056669	-0.179215	0.0400081	-0.00171917	0.0082933	-0.00919901	0.000966592	0.00379216	-0.0330391	0.02505	0.00670169	0.00269236	0.0111757	-0.0100191
sample_SMS128_106_L	SMS128	L	-0.068712	-0.194931	-0.00370978	-0.0197174	-0.00843449	0.0178562	-0.0441558	-0.174147	0.0315425	-0.0061538	0.00312398	0.00341814	0.00914065	0.0084376	0.0218571	0.0302753	0.0498452	0.0177513	-0.0225435	0.0348999
sample_SMS128_107_L	SMS128	L	-0.0660383	-0.201433	-0.0072007	-0.0180519	-0.00333617	0.0241811	-0.0508011	-0.16831	0.0391988	-0.00506136	0.00477486	-0.0329447	0.00156642	-0.000865429	-0.0194705	0.00961495	-0.00906856	-0.00123396	0.0109981	-0.023396
sample_SMS128_108_L	SMS128	L	-0.0676422	0.0830239	-0.00255891	0.00903463	-0.0226374	-0.10181	-0.0528027	-0.0332931	0.0132128	0.0150778	0.0385452	-0.012591	-0.18564	0.0906549	-0.0507074	0.0204291	-0.0571565	-0.0222215	-0.0340656	0.0946567
sample_SMS128_109_L	SMS128	L	-0.0688691	0.0862597	0.00044144	0.0131982	-0.026086	-0.1283	-0.0628115	-0.033861	0.00697539	0.00805373	0.106697	-0.136407	0.0109492	-0.0283657	-0.0730633	0.00184827	-0.0350718	-0.0240008	-0.0259826	0.0346633
sample_SMS128_110_S	SMS128	S	-0.068306	0.0824952	-0.00552436	0.0139556	-0.0319936	-0.130215	-0.0676593	-0.0189981	0.00994556	-0.028154	-0.12615	0.143296	-0.0402197	-0.0116279	-0.016765	0.0404346	0.123074	0.0651956	-0.00499678	0.0217463
sample_SMS128_111_L	SMS128	L	-0.0698254	0.0778156	-0.00169534	0.0148179	-0.0290396	-0.10687	-0.048243	-0.0268182	0.0054906	0.0166873	0.0483885	-0.0580036	-0.0265075	0.0074719	-0.132436	-0.0908707	-0.101348	-0.0736766	-0.0159921	0.0736676
sample_SMS128_112_L	SMS128	L	-0.0711553	0.0937189	-0.00576941	0.0144194	-0.0283642	-0.135411	-0.0626259	-0.0333591	0.0101374	0.016774	-0.0390245	-0.00453731	-0.0277927	0.026969	-0.128297	-0.108472	-0.119851	-0.0882203	0.0160164	0.0295949
sample_SMS128_113_L	SMS128	L	-0.0685929	0.0756331	0.00154934	0.00551836	-0.0263262	-0.105461	-0.0498224	-0.0268233	0.00396405	0.0207687	0.180805	-0.184627	0.0320022	-0.0188505	0.0227082	0.033005	-0.0540807	-0.0407304	-0.0409373	0.06864
sample_SMS128_114_L	SMS128	L	-0.0711122	0.0809034	8.32237e-05	0.0112632	-0.0299337	-0.123019	-0.0656093	-0.0297764	0.00743919	0.00714468	0.113839	-0.129628	-0.015421	0.0240354	-0.103734	0.00560588	0.00117108	0.000442651	-0.0377622	0.0634541
sample_SMS128_166_L	SMS128	L	-0.0643712	-0.203785	-0.00586578	-0.0146111	-0.00626723	0.00121577	-0.0206443	-0.176793	0.0360302	-0.0085647	-0.00884094	0.0116769	0.00723618	-0.00171343	0.00242942	0.0125872	0.0323601	0.0240324	-0.00679811	0.0134115
sample_SMS128_167_L	SMS128	L	-0.0660099	-0.196225	-0.00519623	-0.012215	0.00170719	0.0183207	-0.0245517	-0.138432	0.0318139	-0.00702031	-0.0211618	-0.0186386	0.0203522	-0.00663283	-0.0160434	-0.0430541	-0.0543087	-0.0171387	0.00279769	0.00931597
sample_SMS128_168_S	SMS128	S	-0.0687053	0.0884267	-0.00712142	0.0222909	-0.0243563	-0.138428	-0.0503015	-0.0207469	0.00258711	0.0112254	-0.00539786	-0.0460801	0.183459	-0.0829007	-0.0889233	-0.00995748	0.0751591	0.0612126	0.0536377	-0.0890565
sample_SMS128_169_S	SMS128	S	-0.0671646	0.084434	-0.00454333	0.0187078	-0.0275203	-0.12762	-0.0600966	-0.00418265	0.00378032	-0.000629702	0.0371459	-0.0667698	0.170501	-0.100915	-0.0137288	0.0373296	0.134446	0.0906413	-0.036221	0.0639886
sample_SMS128_170_L	SMS128	L	-0.0705036	0.0831508	-0.002774	0.0177971	-0.0236891	-0.12178	-0.0455112	-0.0300168	0.0018492	0.012687	-0.0192915	0.00535721	-0.0902837	0.0649308	-0.123556	-0.0704106	-0.0599976	-0.0340123	-0.00913235	0.0224085
sample_SMS128_171_L	SMS128	L	-0.0680257	0.0807821	-0.00565926	0.0190111	-0.0308649	-0.153412	-0.0683657	-0.0374009	0.00914346	-0.0134376	-0.000357454	0.0518703	-0.0012673	0.00818605	0.195306	0.104413	0.0403879	0.0578322	0.0504626	-0.112167
sample_SMS128_172_L	SMS128	L	-0.0654247	-0.19629	-0.0069994	-0.0152768	-0.00337543	0.0122281	-0.0332041	-0.154079	0.0340108	-0.0083052	0.000129356	0.0013511	0.0161335	-0.00857205	-0.0106633	-0.00648419	-0.00154063	0.0059268	0.00952531	-0.00340051
sample_SMS128_91_L	SMS128	L	-0.068614	0.0868231	0.00167811	0.0113114	-0.0337171	-0.110839	-0.0542362	-0.0379694	0.00958407	0.0103267	0.0582629	-0.0334935	-0.0842832	0.0704769	-0.0161374	0.0449654	0.0145143	0.0119457	-0.0369202	0.0714846
sample_SMS128_92_L	SMS128	L	-0.0678164	0.0888542	0.000873143	0.0100711	-0.0355877	-0.125875	-0.064859	-0.0271591	0.010184	0.00865284	0.139733	-0.163049	0.101763	-0.048248	0.0467282	0.0589171	0.0344987	0.0206567	-0.0435688	0.0343091
sample_SMS128_93_L	SMS128	L	-0.0702848	0.0854357	-0.00212867	0.0100086	-0.0277006	-0.119675	-0.0480311	-0.0492497	0.00499977	-0.00994132	-0.0965371	0.115758	-0.119349	0.0312335	0.0248234	-0.0297748	-0.104311	-0.0682949	0.00170089	-0.0100278
sample_SMS128_94_L	SMS128	L	-0.0667193	-0.207496	-0.00741891	-0.0202114	-0.0189047	-0.00150663	-0.0298174	-0.206407	0.0402428	0.000856334	-0.00731431	0.0308457	0.00514152	0.00195789	0.031389	0.052506	0.0555071	0.0395965	-0.0400792	0.0548573
sample_SMS128_95_S	SMS128	S	-0.0669788	0.0857423	-0.00643989	0.0141014	-0.0346216	-0.150445	-0.0514636	-0.0320143	-0.00264463	-0.0276437	-0.0752259	0.0858266	0.0267496	-0.0148979	0.0503802	0.0805112	0.0687549	0.0393328	0.0570829	-0.135528
sample_SMS128_96_L	SMS128	L	-0.0660817	-0.202279	-0.00741688	-0.0234824	-0.0119708	0.0196824	-0.0482535	-0.207421	0.040517	-0.00888483	0.00904521	0.00827578	0.00780454	0.0119646	-0.00129659	0.0707347	0.0662241	0.0317278	-0.00176156	0.000852726
sample_SMS128_97_L	SMS128	L	-0.068843	0.0804459	-3.31E-05	0.0106327	-0.0355891	-0.129265	-0.0680602	-0.0408678	0.0166808	-0.0158384	-0.0106111	0.0752298	-0.121345	0.0477243	0.106326	0.0763775	0.023925	0.0304497	-0.0380458	0.0701956
sample_SMS128_98_L	SMS128	L	-0.0669381	-0.200286	-0.00494458	-0.0205333	-0.0102229	0.0123432	-0.0198694	-0.201099	0.0392052	-0.0111924	-0.00788732	0.0292191	0.010969	0.00696974	0.0362025	0.0403052	0.0539083	0.0245515	-0.0356624	0.0556544
sample_SMS128_99_L	SMS128	L	-0.0667327	-0.197714	-0.0027092	-0.0220467	-0.0112716	0.0243211	-0.0369209	-0.173706	0.037653	-0.00822558	0.00232496	-0.000680008	0.015813	-0.00239195	-0.011069	0.0119891	0.0132095	0.00513852	-0.00143568	0.00297645
sample_SMS129_115_L	SMS129	L	-0.0723837	-0.00602593	0.00676111	-0.00412961	0.0119129	0.0636469	-0.0785841	0.0193082	0.00461609	-0.00210956	-0.0407413	0.0396646	-0.0725463	0.0727379	-0.100729	-0.0118705	0.0534071	0.010414	0.0243325	-0.0576646
sample_SMS129_116_S	SMS129	S	-0.0679014	0.00618712	0.00777472	0.000591162	0.00879477	0.0737628	-0.0626518	0.127157	-0.0132073	0.00285032	-0.0104675	-0.0134639	0.107681	-0.0781524	0.0575991	-0.0433262	-0.0545281	-0.0321185	-0.0427366	0.0854734
sample_SMS129_117_L	SMS129	L	-0.0715752	-0.0134388	0.00723491	0.00110287	0.00885822	0.0556188	-0.0579726	0.0864632	-0.00688087	-0.00171706	-0.0595982	0.0754158	-0.0995595	0.0368774	-0.0475229	-0.0494923	-0.00936739	-0.0284391	0.00348376	-0.0132757
sample_SMS129_118_L	SMS129	L	-0.0723681	-0.0128236	0.0102444	-0.00668918	0.0102988	0.0648276	-0.0623601	0.0596773	-0.00283239	0.00529591	0.00613048	0.0464386	-0.097884	0.0388655	0.123022	0.045507	0.00137299	0.0179576	-0.0277854	0.0408186
sample_SMS129_119_S	SMS129	S	-0.0705804	0.00982056	0.00873533	0.000640282	0.0165593	0.0637143	-0.0644953	0.0984358	-0.010675	-0.0326379	-0.0868479	0.118907	0.00653159	-0.00756839	0.0839163	0.0383708	0.0862044	0.0434947	-0.00790144	-0.0275308
sample_SMS129_120_S	SMS129	S	-0.0718985	-0.0141628	0.0037081	0.00480344	0.011722	0.0499141	-0.0580604	0.0690435	-0.00867349	-0.00682908	-0.0347956	-0.0233334	0.0924942	-0.0362001	-0.187186	-0.0745399	0.0422943	0.0191395	0.0256541	-0.0272287
sample_SMS129_121_L	SMS129	L	-0.0729758	0.00214868	0.0134679	0.00113547	0.0128285	0.0657925	-0.0765715	0.0676004	0.000746509	0.00392342	0.116082	-0.0749832	0.0372638	0.00123905	0.131208	0.0759426	0.0761404	0.0659385	-0.0158733	-0.0252876
sample_SMS129_122_S	SMS129	S	-0.0695199	0.00154905	0.00916835	-0.00574363	0.0114184	0.068232	-0.0758666	0.0844753	-0.00596905	-0.00959631	-0.0597214	0.0809092	-0.00780214	-0.00602714	0.00267271	0.0648286	0.140498	0.0939523	0.00762045	-0.037815
sample_SMS129_123_S	SMS129	S	-0.0705575	0.00125315	0.00969903	0.00201024	0.0149426	0.0562514	-0.0694495	0.0942522	-0.00473457	-0.0224589	0.0557656	-0.0835521	0.146911	-0.0577749	0.0526411	0.0388155	0.105846	0.0477259	-0.00840093	-0.024359
sample_SMS129_124_S	SMS129	S	-0.0690169	-0.0104638	0.00292299	9.95851e-05	0.0144953	0.0721347	-0.0634938	0.0621008	-0.00383308	0.00591495	-0.128731	0.102509	-0.0651266	0.0253887	-0.150905	-0.0545617	-0.0613287	-0.0340615	0.0406694	-0.0142116
sample_SMS129_125_S	SMS129	S	-0.0670866	0.00740158	0.00508104	-0.00216619	0.0164102	0.0733503	-0.0674505	0.112512	-0.0116244	-0.0151507	-0.0299606	0.0246505	0.019096	-0.0171483	0.17708	0.0633312	-0.048469	-0.0287832	-0.0204766	0.0134247
sample_SMS129_126_L	SMS129	L	-0.0710366	-0.00949723	0.00973415	0.00269443	0.00837369	0.0651135	-0.0659765	0.0852366	-0.00439773	0.0176595	0.034293	-0.037111	0.0366519	0.0040129	-0.108465	-0.0964917	-0.0248306	-0.0309116	0.0201162	-0.0460359
sample_SMS129_127_L	SMS129	L	-0.0685259	-0.00250193	0.00876323	0.00488362	0.0150523	0.0702369	-0.0640493	0.118714	-0.00920992	0.0165762	0.0529316	-0.0421823	0.0534264	-0.0324885	0.0951016	-0.0738888	-0.10346	-0.062224	-0.0300001	0.0573447
sample_SMS129_128_L	SMS129	L	-0.0720156	-0.00262929	0.00690708	-0.00768027	0.00963786	0.0669223	-0.0756371	0.0526141	0.00018343	-0.0095313	-0.0174688	0.0339775	-0.0381151	0.0231258	0.130169	0.0228843	0.00747827	0.00814808	-0.0569151	0.0723495
sample_SMS129_129_L	SMS129	L	-0.0704969	-0.0245676	0.00964702	-0.00607128	0.00427228	0.05927	-0.0632248	0.058054	-0.00052317	0.0168575	0.0533502	-0.0452601	-0.0560024	0.0214758	-0.00537621	-0.0104938	-0.0624175	-0.0307107	0.000837037	0.0228235
sample_SMS129_130_S	SMS129	S	-0.0703277	-0.013445	0.00437854	-0.00494852	0.0146498	0.0626594	-0.0712962	0.0718903	0.000573346	-0.000639589	0.0177625	-0.0758971	0.0402608	-0.0301711	-0.068786	0.00045706	-0.0229333	-0.0561351	0.0345917	-0.0291951
sample_SMS129_131_S	SMS129	S	-0.0698613	-0.00755758	0.00261318	-0.00173339	0.0136163	0.0695157	-0.0563592	0.0927989	-0.0093312	-0.0121582	-0.0610605	0.0524083	0.000932012	-0.00664414	0.0750312	0.00928183	-0.0346557	-0.0287878	-0.0131913	0.0232141
sample_SMS129_132_S	SMS129	S	-0.0687687	0.0020176	0.00631891	-0.00634557	0.018273	0.0807576	-0.0839781	0.10493	-0.00312006	0.00773026	-0.00427172	-0.0113698	0.0817543	-0.0505656	-0.0699168	-0.0411797	0.0085334	-0.0180549	0.00868898	-0.0143979
sample_SMS129_133_L	SMS129	L	-0.0711445	-0.0098749	0.00901286	-0.00163489	0.0151471	0.061121	-0.0605161	0.0423291	0.00378925	0.0154691	-0.00351479	0.0139956	-0.129412	0.0694993	-0.0786383	-0.014295	-0.0594192	-0.00254763	0.0523589	-0.0683663
sample_SMS129_134_L	SMS129	L	-0.0732085	-0.0145034	0.00885121	-0.0037141	0.0109579	0.0535959	-0.0605564	0.0225553	0.00787511	0.00598993	-0.00458408	0.0208989	-0.119014	0.0780787	-0.0169759	0.0309338	0.0287133	0.0316811	0.017984	-0.0502885
sample_SMS129_135_L	SMS129	L	-0.0732449	0.00267041	0.0075233	-0.000919874	0.0167701	0.068641	-0.0600386	0.070531	0.000352343	0.00422114	0.0312066	-0.0251837	0.0145335	-0.0138282	0.0636301	-0.0520714	-0.0825746	-0.0585217	-0.0341513	0.0708023
sample_SMS129_136_S	SMS129	S	-0.0680562	0.000405853	0.00839199	-0.00452252	0.00810952	0.0690493	-0.0747176	0.093562	-0.00665335	0.00346918	-0.00700471	-0.000289398	0.0820047	-0.0593138	-0.0584473	-0.0153396	0.0795567	0.051315	0.0212282	-0.0230895
sample_SMS129_137_S	SMS129	S	-0.070585	-0.0291136	0.00802048	-0.0053385	0.00772385	0.0561944	-0.0661241	0.04105	0.00723049	0.000502132	0.028028	-0.0757143	0.0517745	-0.0313712	-0.0734657	0.0373928	0.0069864	0.0191822	0.0249082	-0.00821972
sample_SMS129_138_L	SMS129	L	-0.0725472	-0.00380136	0.00680722	-0.00141167	0.0126677	0.0723613	-0.0755651	0.0434865	0.00744459	0.00706218	-0.0558135	0.0529039	-0.110124	0.0486472	-0.0897758	-0.0377992	-0.0417699	-0.0194652	0.0100314	-0.00105811
sample_SMS129_139_L	SMS129	L	-0.0734522	-0.0121003	0.00622853	-0.000164336	0.0130556	0.0674944	-0.0773757	0.0318959	0.00570624	0.0140421	0.00264229	-0.0580337	-0.0228367	0.00181248	-0.176935	-0.0857768	-0.115039	-0.0582807	0.0356149	-0.00248942
sample_SMS129_140_S	SMS129	S	-0.0688554	0.00598161	0.00463468	0.00193507	0.0160459	0.0712202	-0.0878529	0.0759113	-0.00232815	0.00165571	-0.0498843	0.00657781	0.107618	-0.0465011	-0.157403	-0.0661355	0.037829	0.0184205	0.0293324	-0.0436079
sample_SMS129_141_L	SMS129	L	-0.0724068	-0.0170646	0.00841915	0.00115869	0.0112439	0.0583326	-0.0599419	0.0572235	-0.00413691	0.00795244	-0.0205299	0.0336407	-0.108973	0.0669883	-0.10293	-0.0435448	-0.01998	-0.0138321	0.0347906	-0.0528979
sample_SMS129_142_L	SMS129	L	-0.0713789	-0.00433752	0.00720558	-0.00660203	0.0128702	0.0694287	-0.0838084	0.0601533	0.00434425	0.024238	0.12454	-0.140118	0.00708955	-0.00702411	0.0301594	0.0266977	-0.0488337	-0.0441487	0.00444498	-0.00211313
sample_SMS129_143_L	SMS129	L	-0.0718252	0.017384	0.00957608	0.000827432	0.0147417	0.0736589	-0.0828263	0.0795448	-0.00283438	-0.0209406	0.0256511	0.014428	-0.00771071	0.0132968	0.182356	0.0477845	0.0217672	0.0224404	-0.0382222	0.0147033
sample_SMS129_144_L	SMS129	L	-0.0701742	-0.0132394	0.0092521	0.00223894	0.0118117	0.0671911	-0.060634	0.0972795	-0.0101975	-0.00132964	0.022247	-0.0249103	0.0965648	-0.0464226	0.111954	-0.0408185	0.000798045	0.00388963	-0.0432037	0.0626247
sample_SMS129_145_L	SMS129	L	-0.0722746	-0.0145816	0.00263916	0.00200408	0.0131519	0.0514506	-0.0687968	0.0356114	0.00426975	0.0280596	0.0624086	-0.107287	-0.0417898	0.0319543	-0.188152	-0.0506158	-0.101276	-0.062673	0.0687934	-0.0646334
sample_SMS129_146_S	SMS129	S	-0.0670359	0.0237671	0.00834704	0.00274271	0.0182686	0.07677	-0.0789272	0.144252	-0.0186598	-0.0194701	-0.034267	0.074328	0.0866478	-0.0232895	0.202402	0.0491482	0.0794174	0.0505467	-0.0375144	-0.00792686
sample_SMS129_147_L	SMS129	L	-0.0721226	-0.01796	0.0100856	-0.00545484	0.0105163	0.0698108	-0.0664447	0.0567179	-0.00253977	0.0080104	0.0215186	0.0396703	-0.112624	0.0475576	0.0432612	0.0390204	0.0140131	-0.00644893	-0.00346163	-0.00336915
sample_SMS129_148_S	SMS129	S	-0.0682124	0.00312616	0.00822621	-0.000486386	0.0195213	0.0742051	-0.0594773	0.120104	-0.011467	-0.013851	-0.104504	0.140623	-0.023166	-0.0142862	0.0990876	-0.00956934	0.0281974	-0.0100746	-0.0201029	0.0149705
sample_SMS130_149_L	SMS130	L	-0.0572521	-0.143202	-0.0258793	-0.00138685	-0.0167144	-0.115285	0.175825	0.106144	-0.0390769	0.00367185	0.0130724	-0.0041288	-0.0433971	0.0160923	0.0126284	0.00726931	0.00452659	-0.0072366	0.00673231	0.00990264
sample_SMS130_150_L	SMS130	L	-0.0570044	-0.132258	-0.0232858	-0.00192772	-0.00997224	-0.0978068	0.149661	0.101823	-0.0375446	0.00179094	0.014757	-9.32E-06	-0.0250882	0.0131525	0.0530909	-0.0205434	-0.00992311	-0.00129793	-0.0140731	0.0324869
sample_SMS130_151_S	SMS130	S	-0.0556432	-0.109668	-0.0281434	-0.00216051	-0.0232216	-0.141297	0.225842	0.200467	-0.0777547	0.00880851	0.0029346	0.00102858	-0.0047684	0.0139115	-0.0686072	0.0105867	0.0322281	0.0229457	0.014728	-0.0287455
sample_SMS130_152_L	SMS130	L	-0.0586104	-0.143319	-0.0176629	-0.00244507	-0.00905698	-0.0757513	0.105626	0.048699	-0.0324224	0.00350631	0.0174273	-0.0313374	-0.0346956	0.0018467	0.0613407	-0.0354411	-0.107283	-0.0740912	0.00652293	-0.0274292
sample_SMS130_153_L	SMS130	L	-0.0596804	-0.133972	-0.0274878	-0.00232745	-0.0164221	-0.113766	0.172014	0.149867	-0.0649093	0.0162181	0.0353404	-0.0480031	-0.0467972	0.0266122	-0.0512549	-0.0513468	-0.0851755	-0.0530512	0.0291705	-0.0626344
sample_SMS130_154_S	SMS130	S	-0.0562976	-0.117295	-0.0273399	-0.00280455	-0.0182724	-0.131866	0.205432	0.168875	-0.0606249	0.00277049	-0.00873236	0.0103976	-0.00474186	0.00168226	-0.05609	0.0338132	0.077229	0.0553612	-0.00231519	0.0121014
sample_SMS130_155_S	SMS130	S	-0.0537292	-0.115927	-0.0318316	-0.00225857	-0.018726	-0.15734	0.22993	0.217878	-0.0745949	0.0138664	-0.0169323	-0.00754628	0.00131567	0.00663507	-0.102348	0.0194311	0.0205044	0.0251219	0.00877345	-0.00864992
sample_SMS130_156_S	SMS130	S	-0.0602727	-0.124105	-0.0215389	-0.00384293	-0.0155178	-0.109725	0.164436	0.0990419	-0.0453153	-0.00222902	-0.022157	0.0314294	0.0116176	-0.00250925	0.0114314	0.0764737	0.14008	0.0876635	-0.0398191	0.0727303
sample_SMS130_157_L	SMS130	L	-0.0626423	-0.141299	-0.0208351	-0.00201632	-0.0133778	-0.0916432	0.123783	0.0827522	-0.0297415	0.0073637	0.0253595	-0.0156453	-0.0234111	0.00485707	0.0551753	-0.01528	-0.0168422	0.0026319	-0.0359786	0.0552586
sample_SMS74_10L_181_L	parent	L	0.0691845	0.00524095	-0.0605886	0.00633112	-0.015482	-0.00428876	0.0426239	0.0554984	0.341222	0.0264905	-0.0184925	-0.0536268	-0.0423316	0.0669256	0.0434802	-0.170845	0.101001	0.0124695	0.0466944	-0.0849391
sample_SMS74_11S_182_S	parent	S	0.0679842	0.00470712	-0.0828455	-0.000978442	-0.00886142	-0.0024923	0.052418	0.0756357	0.399299	-0.036783	0.043757	0.089101	0.0331003	-0.0802159	-0.0214214	0.151422	-0.0873912	-0.0363713	-0.000844963	0.0810352
sample_SMS74_1S_173_S_replicate1	parent	S	0.0789492	-0.0131357	0.0921272	0.129722	0.0544286	-0.0122335	0.0131249	0.00236316	0.0196794	-0.0343211	-0.197817	-0.10335	0.110885	0.154844	0.0106104	0.0947107	-0.018827	-0.0398939	0.0949476	-0.165946
sample_SMS74_1S_173_S_replicate2	parent	S	0.078417	-0.0135166	0.0929242	0.127644	0.0564025	-0.0116695	0.0109024	0.00223598	0.019266	-0.0338136	-0.197188	-0.105429	0.109036	0.157768	0.0128868	0.0943969	-0.0155654	-0.0324142	0.0962609	-0.162073
sample_SMS74_2S_174_S	parent	S	0.0762106	0.0148251	0.00793379	-0.144549	-0.135613	0.0107622	0.000270214	0.013631	-0.00712201	-0.029156	-0.219303	-0.171609	0.0814478	0.164111	0.0307815	0.0228784	-0.0395442	0.019064	-0.00484338	0.0309438
sample_SMS74_3L_175_L_replicate1	parent	L	0.0782416	-0.0108554	0.0814663	0.0674115	-0.0154744	0.000191159	-0.00759904	-0.0044965	-0.0298969	0.0330084	0.158478	0.100028	-0.0640333	-0.111931	-0.00554097	-0.0708456	-0.0493273	0.0550152	-0.0991976	0.135349
sample_SMS74_3L_175_L_replicate2	parent	L	0.0787219	-0.0105044	0.0973238	0.0631868	-0.0106876	-0.00195723	-0.00798993	-0.00344513	-0.0259917	0.0363429	0.162695	0.0934631	-0.0708195	-0.109395	-0.00432634	-0.0705798	-0.0223914	0.0561526	-0.0636132	0.163195
sample_SMS74_4S_176_S	parent	S	0.0727284	0.00210995	-0.181346	0.101708	-0.0581361	0.0380094	-0.00557735	-0.00534917	-0.0302131	-0.0589226	-0.0225742	0.0575158	0.044638	-0.0643666	-0.0662518	0.0944327	-0.24056	-0.0522935	-0.423294	-0.212323
sample_SMS74_5S_177_S_replicate1	parent	S	0.0764785	0.0102967	-0.0583713	-0.100328	0.209335	-0.0465276	-0.00950668	-0.000796619	-0.0298611	-0.466172	0.0808767	0.00356264	0.0211071	0.0641157	-0.00539186	-0.0785501	-0.0424768	0.0482194	0.0438086	0.0532815
sample_SMS74_5S_177_S_replicate2	parent	S	0.0769872	0.0110349	-0.0578036	-0.098913	0.211299	-0.046844	-0.00996384	-0.000201411	-0.031537	-0.459316	0.0762485	0.00647654	0.0182164	0.0669046	-0.00648128	-0.0689624	-0.0355954	0.0460606	0.0413489	0.0531655
sample_SMS74_6L_178_L	parent	L	0.0804078	0.0131626	-0.214606	0.112116	-0.0562502	0.0329827	-0.0158271	-0.0156977	-0.0546653	0.0946875	0.0674167	-0.0422289	-0.0641085	0.08469	0.105024	-0.192643	0.223044	0.16705	0.44236	0.20508
sample_SMS74_8L_179_L_replicate1	parent	L	0.0761335	0.0103688	-0.0487126	-0.117334	0.137255	-0.0288802	-0.0169896	-0.0162646	-0.0191124	0.46949	-0.0526125	-0.00437416	-0.00849641	-0.044937	0.023156	0.0394331	0.037426	-0.0395191	-0.0523214	-0.0426679
sample_SMS74_8L_179_L_replicate2	parent	L	0.0763383	0.00962346	-0.0462813	-0.11672	0.133018	-0.030149	-0.0172137	-0.0133664	-0.0218588	0.465983	-0.0539446	-0.00375199	-0.00491345	-0.048011	0.0195454	0.0338205	0.0234762	-0.0383692	-0.0467358	-0.0474627
sample_SMS74_9L_180_L	parent	L	0.0774653	-8.33E-05	0.0543558	-0.0776448	-0.101208	0.0120356	0.000278595	0.00292387	-0.0301712	-0.00256007	0.178437	0.137584	-0.0556666	-0.16344	-0.0147841	-0.0241292	-0.0434777	0.0303915	0.0722425	-0.0162708
sample_SMS79_1S_183_S_replicate1	parent	S	-0.0733549	0.0868697	0.010999	0.00667565	0.0127372	0.0455536	-0.0287699	0.0534744	0.000862754	-0.00236261	0.0217022	-0.0560283	-0.0819885	0.0522554	-0.118974	0.11303	0.108184	0.0926084	-0.028289	0.0561269
sample_SMS79_1S_183_S_replicate2	parent	S	-0.0731299	0.0872403	0.0122351	0.0064217	0.0128129	0.0451979	-0.0301473	0.0524255	-0.000937895	-0.00250708	0.0200822	-0.0541249	-0.0778952	0.0470328	-0.120407	0.110592	0.110414	0.0911683	-0.0304721	0.0521001
sample_SMS79_2L_184_L	parent	L	-0.0618848	0.0914762	0.000399625	0.00281638	0.026881	0.0530981	0.247999	-0.165536	-0.00316083	0.00391779	-0.0267862	0.0442313	0.163608	-0.097787	0.155963	-0.133255	-0.115082	-0.0813214	0.042009	-0.0645651
sample_SMS79_3L_185_L_replicate1	parent	L	-0.0624422	0.079084	-0.0185261	0.0205338	-0.0553918	-0.286722	-0.0523787	-0.104796	0.0135449	-0.00567207	-0.0434033	0.0773646	0.118402	-0.0720067	0.137747	-0.117917	-0.125513	-0.0927802	0.0414219	-0.0706309
sample_SMS79_3L_185_L_replicate2	parent	L	-0.0620906	0.0761684	-0.0214176	0.0218754	-0.0593544	-0.299902	-0.0696815	-0.100216	0.0159235	0.000141819	-0.0382334	0.0686274	0.113305	-0.0725262	0.132941	-0.108007	-0.12126	-0.09187	0.0453477	-0.0689146
sample_SMS79_4L_186_L_replicate1	parent	L	-0.0669687	-0.0983471	-0.00101187	-0.00594701	0.0189918	0.0672857	-0.0888946	0.0915145	-0.00722938	0.0029079	-0.0123221	0.0401495	0.114311	-0.0595951	0.154015	-0.13069	-0.125348	-0.0877202	0.0477672	-0.077818
sample_SMS79_4L_186_L_replicate2	parent	L	-0.0670442	-0.0985738	-0.00135132	-0.0033111	0.0188729	0.0672957	-0.089197	0.0954921	-0.00345044	0.00194178	-0.011167	0.0398035	0.113289	-0.0606301	0.160444	-0.122989	-0.127249	-0.08782	0.0443367	-0.0776873
sample_SMS79_5S_187_S	parent	S	-0.056264	-0.141077	-0.0201105	-0.00795331	-0.0129429	-0.0793907	0.137663	0.0467034	-0.0241886	0.00209115	-0.0271955	0.0141909	0.0183625	0.027533	-0.124926	0.0103656	0.0724126	0.0987665	0.00829341	-0.0155005
sample_SMS79_8L_188_L	parent	L	-0.0575127	-0.112025	-0.0278705	-0.000174594	-0.014002	-0.133962	0.182852	0.174308	-0.0682588	0.00190149	0.0321026	-0.0245323	-0.0396497	-0.0227924	0.12517	0.0123941	-0.0634228	-0.0865722	-0.0168958	0.0225395
